1 0.323828 0.659722 0.039844 0.100000
1 0.314063 0.530556 0.018750 0.047222
1 0.121875 0.507639 0.017188 0.034722
1 0.610547 0.520139 0.010156 0.037500
1 0.680078 0.511806 0.011719 0.034722
0 0.759766 0.672917 0.042969 0.104167
0 0.715234 0.567361 0.024219 0.056944
0 0.811328 0.528472 0.014844 0.043056
0 0.389062 0.506944 0.010937 0.033333
0 0.204688 0.498611 0.012500 0.030556
0 0.460547 0.513889 0.014844 0.041667
2 0.471484 0.506250 0.011719 0.037500
2 0.478125 0.499306 0.010937 0.029167
2 0.598437 0.509028 0.010937 0.034722
2 0.590234 0.500000 0.008594 0.030556
0 0.974609 0.520139 0.014844 0.031944
