1 0.348828 0.637500 0.035156 0.083333
1 0.325781 0.526389 0.018750 0.044444
1 0.138672 0.504167 0.014844 0.038889
0 0.216016 0.497917 0.011719 0.026389
0 0.395312 0.507639 0.009375 0.026389
0 0.465625 0.516667 0.012500 0.033333
0 0.735937 0.651389 0.034375 0.083333
0 0.706250 0.565278 0.020312 0.052778
0 0.801562 0.529861 0.014062 0.037500
0 0.958984 0.522917 0.011719 0.031944
1 0.675000 0.512500 0.012500 0.033333
1 0.608203 0.521528 0.014844 0.034722
2 0.596484 0.508333 0.010156 0.025000
2 0.590234 0.500694 0.008594 0.023611
2 0.473437 0.506944 0.014062 0.033333
