1 0.359766 0.625694 0.035156 0.087500
1 0.330859 0.520833 0.017969 0.041667
1 0.147266 0.501389 0.014844 0.038889
1 0.606641 0.515278 0.011719 0.033333
1 0.675000 0.507639 0.010937 0.031944
0 0.725781 0.637500 0.032812 0.083333
0 0.701563 0.556250 0.017188 0.048611
0 0.397266 0.502083 0.008594 0.026389
0 0.466797 0.510417 0.013281 0.034722
0 0.220313 0.494444 0.012500 0.030556
2 0.475000 0.503472 0.009375 0.029167
2 0.481641 0.493056 0.011719 0.030556
2 0.596094 0.504167 0.009375 0.027778
2 0.589453 0.495139 0.007031 0.026389
0 0.795703 0.524306 0.014844 0.037500
0 0.950391 0.518056 0.017969 0.030556
