0 0.993359 0.509028 0.011719 0.037500
0 0.793359 0.695833 0.050781 0.116667
0 0.825391 0.521528 0.017969 0.045833
0 0.728125 0.565972 0.026563 0.059722
0 0.458594 0.511806 0.012500 0.037500
0 0.382422 0.504167 0.013281 0.033333
0 0.192578 0.496528 0.010156 0.029167
1 0.293359 0.681944 0.050781 0.116667
1 0.300781 0.528472 0.021875 0.048611
1 0.103516 0.505556 0.017969 0.038889
1 0.612891 0.515278 0.014844 0.036111
1 0.685547 0.502778 0.014844 0.036111
2 0.600391 0.502778 0.010156 0.033333
2 0.591797 0.492361 0.010156 0.029167
2 0.467578 0.502083 0.014844 0.031944
2 0.475391 0.492361 0.013281 0.029167
