0 0.500781 0.515278 0.015625 0.036111
0 0.576563 0.529167 0.020312 0.044444
0 0.949219 0.633333 0.037500 0.083333
1 0.246875 0.816667 0.075000 0.177778
1 0.401953 0.547222 0.014844 0.052778
1 0.244922 0.511111 0.017969 0.036111
0 0.330469 0.502778 0.009375 0.036111
1 0.769141 0.538889 0.017969 0.050000
1 0.864844 0.527778 0.018750 0.041667
2 0.751953 0.522222 0.016406 0.036111
2 0.741797 0.509722 0.010156 0.033333
2 0.593359 0.517361 0.010156 0.034722
2 0.607422 0.506250 0.011719 0.029167
1 0.022656 0.514583 0.020312 0.037500
