0 0.519141 0.672222 0.027344 0.069444
0 0.314844 0.611806 0.015625 0.045833
1 0.117188 0.784028 0.054688 0.120833
1 0.047266 0.657639 0.025781 0.062500
2 0.034766 0.591667 0.017969 0.063889
2 0.047266 0.603472 0.022656 0.062500
2 0.212500 0.584028 0.017188 0.051389
2 0.250000 0.593056 0.018750 0.050000
2 0.426953 0.615278 0.013281 0.044444
2 0.567969 0.611806 0.015625 0.043056
2 0.610937 0.656944 0.021875 0.058333
2 0.666406 0.611111 0.017188 0.044444
2 0.757812 0.656250 0.026563 0.056944
2 0.849219 0.647917 0.023438 0.059722
