2 0.942578 0.665972 0.025781 0.059722
2 0.834375 0.673611 0.032812 0.063889
2 0.666797 0.670833 0.027344 0.061111
2 0.723047 0.617361 0.017969 0.043056
2 0.612109 0.618750 0.016406 0.040278
2 0.463281 0.627083 0.015625 0.043056
2 0.288281 0.595833 0.015625 0.044444
2 0.252734 0.586806 0.017969 0.040278
2 0.092578 0.604861 0.016406 0.065278
2 0.082813 0.602083 0.017188 0.054167
1 0.076953 0.656250 0.021094 0.068056
1 0.116016 0.816667 0.055469 0.133333
0 0.565234 0.691667 0.033594 0.077778
0 0.351953 0.618056 0.016406 0.047222
