1 0.124219 0.546528 0.025000 0.051389
1 0.290234 0.640972 0.041406 0.095833
1 0.964063 0.631250 0.039062 0.081944
2 0.884766 0.579167 0.025781 0.055556
2 0.842578 0.552778 0.021094 0.047222
2 0.648047 0.542361 0.016406 0.045833
2 0.632812 0.564583 0.021875 0.051389
0 0.614062 0.599306 0.028125 0.070833
0 0.494141 0.559722 0.025781 0.052778
0 0.273828 0.527083 0.019531 0.040278
1 0.124219 0.546528 0.025000 0.051389
1 0.290234 0.640972 0.041406 0.095833
1 0.964063 0.631250 0.039062 0.081944
2 0.884766 0.579167 0.025781 0.055556
2 0.842578 0.552778 0.021094 0.047222
2 0.648047 0.542361 0.016406 0.045833
2 0.632812 0.564583 0.021875 0.051389
0 0.614062 0.599306 0.028125 0.070833
0 0.494141 0.559722 0.025781 0.052778
0 0.273828 0.527083 0.019531 0.040278
