2 0.603906 0.499306 0.010937 0.037500
2 0.593359 0.488889 0.010156 0.033333
2 0.467187 0.499306 0.014062 0.037500
2 0.476172 0.487500 0.010156 0.030556
1 0.276563 0.701389 0.056250 0.125000
1 0.093359 0.504167 0.021094 0.044444
1 0.295312 0.527083 0.018750 0.048611
1 0.689453 0.499306 0.014844 0.037500
1 0.614844 0.511111 0.014062 0.044444
0 0.455859 0.513194 0.014844 0.040278
0 0.379297 0.500000 0.014844 0.033333
0 0.812500 0.706944 0.059375 0.130556
0 0.736328 0.564583 0.028906 0.062500
0 0.832031 0.516667 0.017188 0.044444
