1 0.253125 0.716667 0.060938 0.133333
1 0.286719 0.524306 0.023438 0.048611
1 0.082422 0.498611 0.021094 0.044444
1 0.616406 0.506250 0.017188 0.043056
1 0.692578 0.495139 0.014844 0.037500
0 0.836719 0.729861 0.068750 0.137500
0 0.743359 0.565972 0.028906 0.065278
0 0.838672 0.513889 0.022656 0.044444
0 0.375391 0.494444 0.014844 0.038889
0 0.180469 0.487500 0.015625 0.033333
0 0.455078 0.504861 0.016406 0.043056
2 0.465234 0.492361 0.011719 0.037500
2 0.475000 0.482639 0.014062 0.034722
2 0.604297 0.491667 0.011719 0.030556
2 0.593750 0.483333 0.012500 0.030556
