0 0.932031 0.850000 0.081250 0.186111
0 0.769141 0.597222 0.027344 0.069444
0 0.862500 0.534722 0.017188 0.047222
0 0.157422 0.500000 0.014844 0.033333
0 0.363281 0.511111 0.015625 0.033333
0 0.445703 0.523611 0.014844 0.044444
1 0.156641 0.820833 0.080469 0.183333
1 0.045313 0.515278 0.023438 0.041667
1 0.260156 0.544444 0.025000 0.055556
1 0.621484 0.525000 0.017969 0.041667
1 0.700000 0.514583 0.015625 0.040278
1 0.924219 0.503472 0.015625 0.031944
2 0.606641 0.508333 0.010156 0.033333
2 0.594922 0.500694 0.008594 0.029167
2 0.459766 0.509722 0.013281 0.033333
2 0.471484 0.499306 0.010156 0.029167
