1 0.098438 0.876389 0.085938 0.211111
1 0.249219 0.555556 0.026563 0.055556
1 0.030469 0.524306 0.023438 0.043056
1 0.622656 0.532639 0.017188 0.043056
1 0.702344 0.517361 0.017188 0.040278
2 0.456641 0.517361 0.014844 0.037500
2 0.467578 0.505556 0.013281 0.030556
2 0.605859 0.515278 0.013281 0.036111
2 0.594531 0.506250 0.009375 0.029167
0 0.358203 0.517361 0.017969 0.040278
0 0.147656 0.507639 0.015625 0.034722
0 0.440625 0.530556 0.020312 0.047222
0 0.776172 0.608333 0.030469 0.075000
0 0.870313 0.540972 0.020312 0.043056
0 0.965234 0.895139 0.069531 0.206944
1 0.927734 0.506250 0.016406 0.034722
