2 0.448828 0.518750 0.013281 0.037500
2 0.460938 0.506250 0.010937 0.029167
2 0.601562 0.514583 0.010937 0.031944
2 0.590625 0.506944 0.010937 0.030556
1 0.229297 0.559028 0.024219 0.051389
1 0.008594 0.526389 0.017188 0.038889
1 0.034766 0.915278 0.069531 0.169444
1 0.618750 0.534722 0.017188 0.044444
1 0.699609 0.520833 0.016406 0.036111
1 0.927344 0.511806 0.015625 0.034722
0 0.130859 0.509722 0.014844 0.033333
0 0.346875 0.519444 0.017188 0.038889
0 0.432422 0.534028 0.019531 0.043056
0 0.781641 0.613889 0.036719 0.075000
0 0.870313 0.544444 0.018750 0.047222
