0 0.893750 0.798611 0.071875 0.161111
0 0.760547 0.582639 0.027344 0.073611
0 0.855078 0.526389 0.017969 0.044444
1 0.198047 0.777083 0.078906 0.165278
1 0.270703 0.534722 0.021094 0.055556
1 0.060547 0.507639 0.021094 0.043056
1 0.620703 0.516667 0.016406 0.041667
1 0.698438 0.504861 0.014062 0.037500
0 0.166797 0.492361 0.014844 0.034722
0 0.369141 0.504167 0.010156 0.036111
0 0.450000 0.515278 0.014062 0.038889
2 0.461328 0.502778 0.013281 0.033333
2 0.473828 0.488889 0.013281 0.036111
2 0.606250 0.501389 0.012500 0.038889
2 0.594922 0.489583 0.010156 0.034722
